tetta M11 M12/M11 M21/M11 M22/M11 M33/M11 M34/M11 M43/M11 M44/M11
0.25 1.70183e+007 -5.87352e-005 -5.87356e-005 0.98774 0.987669 0.000269029 -0.000269029 0.977626
1 5821.94 -0.0431146 -0.0431146 0.249015 0.20035 0.185396 -0.185396 0.951334
2 3337.07 -0.0430617 -0.0430617 0.369012 0.327226 0.154777 -0.154777 0.958209
3 2511.93 -0.0462442 -0.0462442 0.472148 0.436067 0.128708 -0.128708 0.963905
4 2015.11 -0.0521349 -0.0521349 0.537274 0.504365 0.112057 -0.112057 0.967065
5 1726.69 -0.0592072 -0.0592072 0.5972 0.567082 0.096439 -0.096439 0.969841
6 1557.61 -0.0671449 -0.067145 0.655624 0.628217 0.0806625 -0.0806625 0.972535
7 1364.46 -0.0760891 -0.076089 0.690107 0.663667 0.0711506 -0.0711506 0.973481
8 1280.05 -0.0851793 -0.0851795 0.735676 0.710897 0.0578544 -0.0578545 0.975122
9 1137.58 -0.0948386 -0.0948387 0.760727 0.736053 0.0504689 -0.050469 0.975201
10 1087.45 -0.104258 -0.104258 0.797324 0.773506 0.0388716 -0.0388716 0.976037
11 978.124 -0.114485 -0.114485 0.817762 0.793459 0.0322593 -0.0322593 0.975521
12 947.828 -0.123697 -0.123698 0.846908 0.822725 0.0217413 -0.0217413 0.975621
13 854.792 -0.134061 -0.13406 0.86362 0.838444 0.0157842 -0.0157842 0.974592
14 806.968 -0.143672 -0.143674 0.884011 0.858041 0.00795448 -0.00795449 0.973769
15 789.959 -0.15209 -0.152088 0.905491 0.878756 -0.00199279 0.00199279 0.972984
16 718.57 -0.162412 -0.162412 0.91838 0.889934 -0.00765103 0.00765102 0.971231
17 711.061 -0.170304 -0.170306 0.935682 0.905901 -0.0172544 0.0172544 0.969877
18 649.361 -0.180419 -0.180415 0.946278 0.914329 -0.022711 0.022711 0.967661
19 644.511 -0.186827 -0.186829 0.959273 0.925404 -0.0324853 0.0324853 0.965727
20 592.441 -0.196707 -0.196706 0.965637 0.928722 -0.0372584 0.0372584 0.962628
21 596.683 -0.200895 -0.200897 0.972669 0.933072 -0.0464725 0.0464725 0.959936
22 15206.9 0.0283444 0.0283444 0.999026 0.996805 -0.00180558 0.00180558 0.997758
23 17443.6 0.0313512 0.0313512 0.999024 0.996869 -0.00167703 0.00167703 0.997807
24 13439.7 0.0312072 0.0312073 0.998598 0.995788 -0.00250951 0.00250951 0.997092
25 10558.8 0.0316459 0.0316459 0.998108 0.99466 -0.00318063 0.00318063 0.996354
26 8440.52 0.030902 0.0309019 0.997516 0.993069 -0.00462661 0.00462662 0.995209
27 6778.67 0.0309752 0.0309742 0.996828 0.991433 -0.00582458 0.00582459 0.994058
28 5513.16 0.0292027 0.0292048 0.99602 0.989134 -0.00816218 0.00816216 0.992308
29 4479.51 0.0284686 0.0284664 0.995063 0.986776 -0.00994548 0.00994552 0.990569
30 3692.4 0.024812 0.0248111 0.993965 0.983427 -0.0137773 0.0137773 0.987922
31 3015.65 0.0226364 0.0226382 0.992636 0.980065 -0.0165558 0.0165558 0.985387
32 2494.93 0.0177286 0.0177288 0.991102 0.975639 -0.02149 0.0214899 0.981905
33 2080.31 0.00934835 0.00934838 0.989388 0.969973 -0.0282738 0.0282742 0.977301
34 1712.64 0.00272991 0.00272796 0.98718 0.964137 -0.0338911 0.0338908 0.972867
35 1447.09 -0.0105961 -0.0105947 0.984931 0.956214 -0.044571 0.044571 0.966325
36 1194.84 -0.0227133 -0.0227153 0.981841 0.947855 -0.052883 0.0528831 0.960014
37 1035.12 -0.041855 -0.0418525 0.978716 0.937204 -0.0683113 0.0683115 0.951462
38 858.126 -0.0598536 -0.0598502 0.974417 0.925917 -0.079111 0.0791099 0.943093
39 763.514 -0.0842657 -0.0842623 0.970368 0.912403 -0.0977798 0.0977813 0.932638
40 654.907 -0.104486 -0.104502 0.964466 0.898871 -0.110175 0.110175 0.923445
41 601.219 -0.123948 -0.123943 0.958438 0.885164 -0.124854 0.124853 0.914441
42 570.718 -0.141093 -0.14109 0.953648 0.872065 -0.140654 0.140652 0.905319
43 535.267 -0.145908 -0.145907 0.9462 0.860556 -0.145154 0.145154 0.899697
44 547.499 -0.144656 -0.144657 0.941584 0.852062 -0.1528 0.152798 0.895088
45 540.008 -0.138046 -0.138043 0.933325 0.843248 -0.149602 0.149607 0.892757
46 1277.45 0.0285086 0.0285089 0.96806 0.916337 -0.0674567 0.0674565 0.940458
47 1328.53 0.0443815 0.0443796 0.965649 0.915821 -0.0619038 0.0619026 0.942129
48 1213.99 0.0334895 0.033491 0.956772 0.900729 -0.0736144 0.0736149 0.934547
49 1060.63 0.0266489 0.0266489 0.946862 0.885671 -0.0803365 0.0803347 0.927874
50 959.657 0.0153078 0.0153084 0.935887 0.868317 -0.0906957 0.0907004 0.919882
51 895.417 -0.000314917 -0.00031599 0.92411 0.849253 -0.102892 0.102893 0.91089
52 787.677 -0.0119305 -0.0119279 0.910387 0.829111 -0.11109 0.111077 0.90283
53 739.021 -0.0296729 -0.0296745 0.89831 0.80904 -0.126637 0.126648 0.893289
54 683.41 -0.0406102 -0.0406157 0.880923 0.787704 -0.127334 0.127334 0.886966
55 639.742 -0.0587035 -0.0586983 0.869503 0.767085 -0.146065 0.146063 0.87718
56 589.968 -0.0690369 -0.0690351 0.852308 0.746063 -0.149037 0.14904 0.871204
57 594.709 -0.078958 -0.0789582 0.840075 0.729403 -0.154863 0.154863 0.865791
58 545.786 -0.0863251 -0.0863253 0.824738 0.709844 -0.15921 0.159199 0.860182
59 550.94 -0.0865407 -0.0865442 0.812121 0.696972 -0.154683 0.154689 0.858439
60 543.508 -0.0907406 -0.0907338 0.808469 0.687377 -0.169313 0.169313 0.853041
61 541.145 -0.0860747 -0.0860849 0.790602 0.672426 -0.15512 0.155132 0.853525
62 537.702 -0.0883856 -0.0883673 0.78666 0.663446 -0.169784 0.169768 0.849097
63 538.439 -0.0828717 -0.0828887 0.767651 0.648303 -0.15354 0.153545 0.850394
64 536.724 -0.0845784 -0.0845885 0.765375 0.641434 -0.16839 0.168392 0.846448
65 535.945 -0.0791922 -0.0791865 0.743933 0.624531 -0.150495 0.150487 0.848175
66 536.448 -0.0812627 -0.081259 0.743699 0.619438 -0.1663 0.166287 0.844078
67 534.97 -0.0761033 -0.0760935 0.721288 0.601689 -0.147315 0.147321 0.845944
68 518.683 -0.0777253 -0.077731 0.715715 0.593467 -0.156806 0.15683 0.842837
69 544.719 -0.0744644 -0.074462 0.706445 0.584424 -0.151503 0.151462 0.842437
70 515.784 -0.0751497 -0.0751334 0.696846 0.574374 -0.155242 0.155283 0.840307
71 540.492 -0.0725195 -0.0725305 0.686959 0.564085 -0.150278 0.150242 0.839572
72 522.117 -0.071012 -0.0710213 0.670111 0.549065 -0.14255 0.14256 0.839346
73 518.106 -0.0734452 -0.0734493 0.678802 0.551656 -0.161603 0.161612 0.834091
74 509.073 -0.0702491 -0.0702133 0.652428 0.529158 -0.142446 0.142448 0.835643
75 519.578 -0.0704876 -0.0705172 0.654039 0.526659 -0.152031 0.152008 0.832017
76 494.059 -0.0700341 -0.07002 0.637607 0.510754 -0.144622 0.144693 0.830851
77 473.329 -0.0736194 -0.0736461 0.641104 0.508998 -0.155215 0.155184 0.825528
78 488.265 -0.0714984 -0.0714836 0.633443 0.498731 -0.154796 0.154779 0.823363
79 464.957 -0.0723196 -0.0723183 0.618852 0.483471 -0.148812 0.148812 0.820955
80 465.326 -0.0740141 -0.0740374 0.622038 0.479797 -0.158586 0.158557 0.81526
81 437.148 -0.076119 -0.0761059 0.605424 0.46092 -0.151411 0.151453 0.811493
82 437.491 -0.0781734 -0.078175 0.611819 0.459388 -0.162842 0.162812 0.804683
83 410.176 -0.0812607 -0.0812584 0.595807 0.440221 -0.15641 0.156442 0.799754
84 408.136 -0.0839366 -0.0839349 0.601457 0.43633 -0.168825 0.168821 0.791543
85 379.078 -0.0887925 -0.0887826 0.582529 0.412105 -0.161699 0.161689 0.784549
86 365.035 -0.0932462 -0.0932502 0.576502 0.39763 -0.165545 0.165553 0.775976
87 364.717 -0.0943073 -0.0942966 0.585002 0.396686 -0.180526 0.180514 0.768183
88 340.161 -0.0998937 -0.0998941 0.567535 0.372237 -0.173318 0.173322 0.759918
89 343.252 -0.1001 -0.100104 0.58123 0.377259 -0.188535 0.188558 0.753122
90 323.099 -0.105129 -0.105153 0.551294 0.341776 -0.175008 0.17496 0.746315
91 321.259 -0.107907 -0.107892 0.580011 0.357934 -0.193342 0.193369 0.736226
92 297.12 -0.115034 -0.115032 0.564196 0.333287 -0.183907 0.183902 0.725964
93 303.081 -0.113792 -0.113805 0.570933 0.331875 -0.193564 0.193549 0.719889
94 277.138 -0.123628 -0.12362 0.568024 0.31596 -0.185729 0.185755 0.705705
95 269.38 -0.126984 -0.127 0.562479 0.300553 -0.183619 0.183585 0.695977
96 272.57 -0.12665 -0.12662 0.586899 0.314873 -0.196051 0.196102 0.688333
97 251.881 -0.137981 -0.13802 0.579219 0.290294 -0.184057 0.184016 0.67021
98 255.762 -0.135301 -0.135285 0.610908 0.311838 -0.198645 0.198658 0.66317
99 234.88 -0.140421 -0.140392 0.595186 0.281851 -0.185567 0.185547 0.647087
100 241.185 -0.135846 -0.135877 0.620586 0.298569 -0.196593 0.196607 0.641483
101 221.783 -0.146037 -0.146021 0.609685 0.268329 -0.180625 0.180638 0.620744
102 228.943 -0.139155 -0.139154 0.635267 0.288747 -0.191594 0.191577 0.618922
103 210.486 -0.149827 -0.149818 0.624272 0.257347 -0.173495 0.173548 0.597654
104 205.814 -0.151413 -0.151411 0.628782 0.248062 -0.168547 0.168515 0.584722
105 213.063 -0.14324 -0.143249 0.648232 0.267263 -0.174178 0.174178 0.587622
106 195.655 -0.154887 -0.154886 0.636888 0.231289 -0.153649 0.153669 0.56219
107 205.566 -0.145019 -0.145046 0.658911 0.256606 -0.15867 0.15863 0.568249
108 188.164 -0.156424 -0.156415 0.647545 0.22106 -0.135906 0.135927 0.542961
109 196.707 -0.146995 -0.146957 0.667711 0.245584 -0.137224 0.13722 0.549664
110 181.854 -0.158642 -0.158721 0.660378 0.214488 -0.11437 0.11437 0.524107
111 190.792 -0.147147 -0.147125 0.67845 0.242358 -0.111648 0.111663 0.536035
112 176.55 -0.159108 -0.159139 0.671052 0.21219 -0.0851907 0.0852018 0.511242
113 174.427 -0.159275 -0.159258 0.676877 0.213213 -0.067454 0.0674481 0.506542
114 186.18 -0.144709 -0.144716 0.692008 0.250513 -0.0515859 0.0515928 0.5304
115 172.742 -0.157797 -0.157845 0.684455 0.22061 -0.00634996 0.0063551 0.50611
116 164.508 -0.195696 -0.195672 0.676576 0.180414 0.0501115 -0.0501255 0.472214
117 139.769 -0.246628 -0.246565 0.650917 0.0725583 0.0700666 -0.070074 0.385277
118 141.159 -0.25698 -0.256917 0.654374 0.0561063 0.0768953 -0.0769149 0.366692
119 133.234 -0.266248 -0.266369 0.646266 0.0120912 0.0864129 -0.0863783 0.330526
120 134.467 -0.269026 -0.269094 0.647927 -0.00861805 0.0901367 -0.090094 0.310907
121 123.798 -0.255792 -0.255709 0.625959 -0.0547371 0.103535 -0.103596 0.284192
122 122.794 -0.25339 -0.253432 0.618396 -0.0811236 0.110387 -0.110338 0.26429
123 125.606 -0.252246 -0.252149 0.616354 -0.0891272 0.114003 -0.114073 0.258173
124 122.322 -0.246938 -0.246911 0.602868 -0.117001 0.12057 -0.120564 0.241399
125 125.149 -0.247492 -0.247625 0.597663 -0.132584 0.120938 -0.120876 0.23044
126 123.372 -0.24037 -0.24036 0.582894 -0.156086 0.129205 -0.129231 0.2198
127 126.555 -0.238762 -0.238834 0.575936 -0.169867 0.126654 -0.126618 0.211715
128 125.028 -0.231357 -0.231307 0.557005 -0.191996 0.130114 -0.130119 0.205805
129 128.785 -0.23074 -0.230569 0.546519 -0.211013 0.130092 -0.130192 0.196388
130 127.769 -0.221916 -0.222001 0.524111 -0.230257 0.129705 -0.129656 0.196609
131 130.377 -0.218652 -0.218808 0.506909 -0.251501 0.130705 -0.130618 0.191167
132 134.051 -0.217169 -0.217129 0.489477 -0.270285 0.125861 -0.125891 0.187739
133 133.837 -0.21257 -0.212584 0.458915 -0.29902 0.123626 -0.123614 0.185709
134 138.973 -0.211842 -0.211603 0.444743 -0.315696 0.121335 -0.121463 0.182653
135 139.569 -0.206725 -0.20686 0.409732 -0.341249 0.113111 -0.113038 0.189892
136 145.663 -0.205613 -0.205499 0.392898 -0.358479 0.10606 -0.106124 0.186406
137 148.564 -0.200683 -0.200761 0.36254 -0.373857 0.101923 -0.101888 0.20008
138 155.473 -0.201596 -0.20182 0.341903 -0.392036 0.0914016 -0.0912825 0.201313
139 158.678 -0.201241 -0.201249 0.313245 -0.405442 0.0821738 -0.0821618 0.214134
140 166.105 -0.205042 -0.204936 0.293976 -0.417442 0.0739463 -0.0740041 0.222964
141 175.737 -0.215138 -0.215169 0.283205 -0.423901 0.0620444 -0.0620292 0.227548
142 186.547 -0.236798 -0.23671 0.277568 -0.420463 0.0483484 -0.0483975 0.237355
143 196.964 -0.239982 -0.240049 0.266377 -0.407951 0.0356207 -0.0355844 0.261479
144 202.844 -0.231968 -0.231933 0.239847 -0.399028 0.0192319 -0.0192498 0.29582
145 211.735 -0.221634 -0.221618 0.22233 -0.395178 0.00312738 -0.00313359 0.316785
146 216.637 -0.209206 -0.209233 0.193559 -0.39763 -0.0143861 0.0143939 0.343796
147 225.036 -0.196306 -0.196339 0.180364 -0.396681 -0.0313156 0.0313307 0.357058
148 233.051 -0.180756 -0.180647 0.160073 -0.389122 -0.0494462 0.0493989 0.381273
149 238.103 -0.165674 -0.16585 0.143835 -0.399866 -0.0699497 0.070032 0.388425
150 237.382 -0.150592 -0.150406 0.134778 -0.418522 -0.0914626 0.0913759 0.384608
151 242.051 -0.130745 -0.130835 0.133927 -0.410757 -0.11566 0.115705 0.394068
152 250.382 -0.110338 -0.110267 0.166454 -0.380953 -0.145287 0.145244 0.391682
153 260.329 -0.080795 -0.0807591 0.224369 -0.315637 -0.193503 0.193492 0.399775
154 253.119 -0.0669197 -0.0670355 0.244466 -0.338101 -0.219376 0.219434 0.352376
155 240.608 -0.0570713 -0.0571057 0.245655 -0.366678 -0.226855 0.226857 0.315968
156 228.734 -0.048256 -0.0481957 0.247282 -0.402963 -0.223418 0.223387 0.271749
157 214.242 -0.0389873 -0.0389711 0.227665 -0.446787 -0.208425 0.208417 0.238314
158 203.804 -0.0297858 -0.0297807 0.211818 -0.485828 -0.193192 0.193202 0.207137
159 194.192 -0.0223114 -0.0223409 0.188912 -0.538274 -0.166679 0.166737 0.168605
160 182.586 -0.0131206 -0.0131333 0.142279 -0.595782 -0.137918 0.137892 0.147055
161 177.987 -0.00416899 -0.00413932 0.109549 -0.645271 -0.107471 0.107442 0.123028
162 172.717 0.00576539 0.00588773 0.0592138 -0.697109 -0.0785252 0.0783998 0.113085
163 174.293 0.0170476 0.0169661 0.0341394 -0.728893 -0.0657617 0.0658295 0.103805
164 177.769 0.0295582 0.0295698 0.0136012 -0.741069 -0.0663575 0.0663575 0.110104
165 184.607 0.0405037 0.0404752 0.0122794 -0.753279 -0.0662961 0.0662778 0.100088
166 189.199 0.0535416 0.0535502 -0.00843691 -0.759902 -0.0675393 0.0676132 0.113132
167 196.92 0.0653449 0.065347 -0.0139215 -0.766166 -0.0680009 0.0680008 0.11307
168 206.612 0.0767482 0.0767809 -0.0179058 -0.771268 -0.0683019 0.0682281 0.113443
169 216.445 0.0892762 0.0893155 -0.0303761 -0.773504 -0.0690402 0.0689743 0.124537
170 230.721 0.100901 0.100811 -0.032751 -0.775814 -0.0690019 0.0691686 0.126831
171 246.017 0.113259 0.11313 -0.0419947 -0.774542 -0.0698158 0.0699522 0.138513
172 268.142 0.124726 0.124788 -0.0421604 -0.773665 -0.0703067 0.0702454 0.141892
173 294.775 0.137392 0.13758 -0.0571882 -0.769293 -0.0715473 0.0712935 0.162378
174 333.353 0.149193 0.149056 -0.0592406 -0.766185 -0.0721152 0.072259 0.169739
175 385.357 0.161618 0.1617 -0.0744823 -0.759317 -0.0738449 0.073755 0.192564
176 465.792 0.173904 0.173802 -0.0860093 -0.752379 -0.0754887 0.0756245 0.211802
177 603.25 0.185432 0.185485 -0.0996661 -0.744181 -0.0774034 0.0773332 0.233903
178 875.733 0.197715 0.197789 -0.120998 -0.73384 -0.0799231 0.0798363 0.264584
179 1705.85 0.209053 0.209061 -0.139321 -0.723201 -0.0827857 0.0827872 0.291978
179.75 6696.13 0.19774 0.197587 -0.132524 -0.682295 -0.0756604 0.0758164 0.324926